Sample puzzles to input into program (all valid).
Listed left-to-right, top-to-bottom
Most puzzles generated using https://deniz.co/8-puzzle-solver/

Depth 0:
1 2 3 4 5 6 7 8 0

Depth 1:
1 2 3 4 5 6 7 0 8
1 2 3 4 5 0 7 8 6

Depth 2: 
1 2 3 4 5 6 0 7 8
1 2 3 4 0 6 7 5 8
1 2 0 4 5 3 7 8 6

Depth 3:
1 2 3 0 5 6 4 7 8
1 2 3 4 8 5 7 0 6
1 0 3 4 2 6 7 5 8

Depth 4:
0 1 3 4 2 6 7 5 8
1 2 3 5 0 6 4 7 8
0 2 3 1 5 6 4 7 8

Depth 5:
1 2 3 4 8 0 7 6 5
1 0 2 4 6 3 7 5 8
1 2 3 7 4 6 5 0 8

Depth 6:
4 1 3 2 0 6 7 5 8
2 3 0 1 5 6 4 7 8
1 2 3 7 0 5 8 4 6

Depth 7:
4 1 3 2 5 6 7 0 8
2 3 6 1 5 0 4 7 8
1 6 2 0 4 3 7 5 8

Depth 8: 
1 3 0 4 2 8 7 6 5
1 3 6 5 0 2 4 7 8
1 2 0 7 4 3 5 8 6

Depth 9:
4 1 3 0 5 6 2 7 8
2 3 6 1 7 5 4 0 8
1 6 2 7 4 3 5 0 8

Depth 10:
1 3 8 4 0 2 7 6 5
2 3 6 1 7 5 4 8 0
1 2 3 7 0 6 8 5 4
5 2 3 1 0 4 7 8 6

Depth 11:
4 1 3 5 7 6 2 0 8
1 6 2 7 4 0 5 8 3
7 1 2 0 4 3 5 8 6

Depth 12:
0 1 2 5 8 3 4 6 7
1 3 6 5 0 7 4 8 2
1 2 3 8 7 6 0 5 4

Depth 13:
1 3 8 7 4 2 6 0 5
2 0 3 1 7 6 4 8 5
7 1 2 4 8 3 5 0 6

Depth 14:
4 1 3 5 0 7 2 8 6
2 7 3 1 0 6 4 8 5
0 6 2 1 7 4 5 8 3

Depth 15:
4 0 3 5 1 7 2 8 6
2 7 3 1 8 6 4 0 5
1 0 3 8 2 6 5 7 4

Depth 16:
1 3 0 7 4 8 6 5 2
2 7 3 1 8 6 4 5 0
1 6 7 5 0 3 4 8 2

Depth 17:
4 3 7 5 1 0 2 8 6
6 2 4 1 7 0 5 8 3
2 0 1 7 4 6 5 8 3

Depth 18:
1 4 3 7 0 8 6 5 2
6 2 4 1 7 3 5 8 0
8 1 3 5 2 6 0 7 4

Depth 19: 
4 3 7 0 5 1 2 8 6
3 6 2 0 4 5 7 1 8
6 3 5 2 1 0 7 4 8

Depth 20: 
0 3 7 4 5 1 2 8 6
7 1 2 4 8 5 6 3 0
0 6 2 3 4 5 7 1 8

Depth 21:
7 8 4 1 2 3 6 0 5
6 0 2 3 4 5 7 1 8
1 0 2 3 4 5 6 7 8

Depth 22:
0 3 5 6 2 1 7 4 8
7 8 4 1 2 3 0 6 5
6 0 2 3 4 5 7 1 8

Depth 23: 
6 4 2 3 5 0 7 1 8
5 7 1 4 6 8 3 0 2
6 8 7 1 3 2 5 0 4

Depth 24:
0 7 2 4 6 1 3 5 8
6 4 0 3 5 2 7 1 8
5 7 1 4 0 8 3 6 2